0 1.000000000 -0.000000000 -0.000000000 -0.000000000 -0.000000000 1.000000000 -0.000000000 -0.000000000 -0.000000000 0.000000000 1.000000000 -0.000000000 0.000000000 0.000000000 0.000000000 1.000000000
1 0.999998128 0.001097647 -0.001593329 0.013623284 -0.001096296 0.999999039 0.000848636 0.003250931 0.001594259 -0.000846888 0.999998371 1.179732289 0.000000000 0.000000000 0.000000000 1.000000000
2 0.999989801 0.002461165 -0.003786900 0.027131554 -0.002464270 0.999996631 -0.000815348 0.007585396 0.003784881 0.000824671 0.999992497 2.470689367 0.000000000 0.000000000 0.000000000 1.000000000
3 0.999981181 0.003159110 -0.005259040 0.033609601 -0.003176926 0.999989232 -0.003382704 0.011022945 0.005248297 0.003399347 0.999980450 3.640608617 0.000000000 0.000000000 0.000000000 1.000000000
4 0.999964272 0.005285282 -0.006597027 0.038787422 -0.005319617 0.999972342 -0.005197783 0.012028183 0.006569373 0.005232691 0.999964731 4.924720470 0.000000000 0.000000000 0.000000000 1.000000000
5 0.999957018 0.005591415 -0.007395835 0.040666211 -0.005626427 0.999973025 -0.004721543 0.011978283 0.007369237 0.004762951 0.999961504 6.091050431 0.000000000 0.000000000 0.000000000 1.000000000
6 0.999957484 0.004615586 -0.007982888 0.048843632 -0.004663210 0.999971382 -0.005957363 0.009752565 0.007955164 0.005994335 0.999950390 7.252345787 0.000000000 0.000000000 0.000000000 1.000000000
7 0.999956896 0.003779153 -0.008480849 0.052535051 -0.003840101 0.999966838 -0.007181687 0.007988106 0.008453428 0.007213943 0.999938247 8.410830623 0.000000000 0.000000000 0.000000000 1.000000000
8 0.999953264 0.002944922 -0.009208542 0.058174029 -0.002999487 0.999977995 -0.005917153 0.005175136 0.009190915 0.005944497 0.999940093 9.685704237 0.000000000 0.000000000 0.000000000 1.000000000
9 0.999948586 0.002576076 -0.009807600 0.062803999 -0.002610510 0.999990468 -0.003499755 0.002100264 0.009798492 0.003525177 0.999945780 10.846416248 0.000000000 0.000000000 0.000000000 1.000000000
10 0.999943321 0.003126843 -0.010177347 0.066341400 -0.003144326 0.999993608 -0.001702256 -0.000292822 0.010171961 0.001734160 0.999946761 12.001329169 0.000000000 0.000000000 0.000000000 1.000000000